  15104 35
  15799 36
  16461 37
  16685 38
  17185 39
  17797 40
  18440 41
  19084 42
  18978 43
  19496 44
  19916 45
  20499 46
  25261 47
  26544 48
  27119 49
  25308 50
  28259 51
  32454 52
  32765 53
  28864 54
  27205 55
  29190 56
  26694 57
  29092 58
  25277 59
  23516 60
  24086 61
  24379 62
  23000 63
  23602 64
  22366 65
  22306 66
  23130 67
  22541 68
  22744 69
  22656 70
  22131 71
  22699 72
  22473 73
  23285 74
  24068 75
  23548 76
  23701 77
  23812 78
  24959 79
  24486 80
  24862 81
  24499 82
  25684 83
  26297 84
  26843 85
  27809 86
  28183 87
  29956 88
  32906 89
  33151 90
  33796 91
  36698 92
  38168 93
  39294 94
  42518 95
  43083 96
  46101 97
  46737 98
  49577 99
  52759 100
  55595 101
  58114 102
  60133 103
  63886 104
  66168 105
  70205 106
  71549 107
  73411 108
  79245 109
  81852 110
  82846 111
  87638 112
  90978 113
  93656 114
  95032 115
  99954 116
 102810 117
 105991 118
 109286 119
 110079 120
 116688 121
 118925 122
 123862 123
 125416 124
 130625 125
 132824 126
 137584 127
 140803 128
 143802 129
 147486 130
 148948 131
 151701 132
 157666 133
 160197 134
 169309 135
 168206 136
 169391 137
 169324 138
 174733 139
 173175 140
 179309 141
 175909 142
 180641 143
 186874 144
 218810 145
 327508 146
 767567 147
 112435 148
 918824 149
33589362 150
