   6752 35
   7051 36
   7287 37
   7425 38
   7514 39
   7529 40
   7800 41
   7755 42
   7818 43
   7456 44
   7651 45
   7978 46
  12291 47
  13448 48
  13764 49
  11203 50
  15042 51
  18276 52
  19011 53
  15542 54
  13269 55
  14707 56
  13040 57
  13958 58
  11798 59
  10164 60
  10210 61
  10555 62
  10111 63
  10398 64
  10012 65
  10232 66
  10767 67
  10936 68
  11777 69
  11971 70
  12773 71
  13471 72
  14297 73
  15647 74
  16163 75
  17259 76
  18245 77
  19413 78
  21780 79
  22172 80
  24374 81
  25555 82
  27967 83
  28903 84
  32367 85
  33559 86
  37054 87
  37931 88
  42735 89
  44843 90
  47915 91
  50931 92
  52992 93
  56658 94
  62576 95
  64358 96
  66542 97
  69756 98
  71344 99
  76495 100
  80780 101
  82789 102
  87378 103
  90940 104
  93590 105
  97186 106
 100159 107
 100768 108
 106327 109
 109407 110
 109333 111
 114056 112
 119242 113
 115327 114
 117308 115
 123937 116
 126732 117
 127842 118
 128804 119
 129327 120
 134240 121
 137368 122
 141213 123
 141170 124
 144997 125
 146179 126
 148080 127
 150219 128
 150229 129
 152975 130
 152892 131
 152054 132
 155336 133
 158863 134
 165531 135
 164844 136
 164431 137
 160183 138
 165492 139
 160631 140
 163866 141
 158665 142
 162887 143
 168790 144
 189974 145
 268128 146
 578942 147
  77989 148
 648495 149
23727583 150
