   5909 35
   5819 36
   5793 37
   5722 38
   5809 39
   5971 40
   5961 41
   5986 42
   6057 43
   6102 44
   6204 45
   6250 46
   6277 47
   6290 48
   6398 49
   6436 50
   6525 51
   6812 52
   6747 53
   6681 54
   7004 55
   6988 56
   7159 57
   7333 58
   7701 59
   7709 60
   8205 61
   8278 62
   8540 63
   9268 64
   9180 65
   9824 66
  10294 67
  10668 68
  11378 69
  11573 70
  12205 71
  13010 72
  13660 73
  14991 74
  15428 75
  16389 76
  17599 77
  18552 78
  20690 79
  21317 80
  22620 81
  24115 82
  25973 83
  27302 84
  30415 85
  31309 86
  34571 87
  35242 88
  39367 89
  41208 90
  43234 91
  46608 92
  48305 93
  51096 94
  56856 95
  58199 96
  60320 97
  62800 98
  63499 99
  67609 100
  71387 101
  73670 102
  77042 103
  81033 104
  82011 105
  85332 106
  88411 107
  88494 108
  93320 109
  95666 110
  95719 111
  99617 112
 103806 113
  99807 114
 101322 115
 106431 116
 108986 117
 119627 118
 120877 119
 125853 120
 127525 121
 134259 122
 137897 123
 140604 124
 147266 125
 149295 126
 150820 127
 153041 128
 151822 129
 154913 130
 155534 131
 154396 132
 157934 133
 164874 134
 169515 135
 169951 136
 172530 137
 166454 138
 174687 139
 168264 140
 170639 141
 168123 142
 172097 143
 178497 144
 201960 145
 293635 146
 755232 147
 106296 148
 796109 149
23710131 150
