   8016 35
   7746 36
   7858 37
   7630 38
   7920 39
   7779 40
   7896 41
   7779 42
   7731 43
   7878 44
   7851 45
   7873 46
   7959 47
   7861 48
   8002 49
   7912 50
   8107 51
   8178 52
   8152 53
   8288 54
   8053 55
   8217 56
   8156 57
   8517 58
   8571 59
   8268 60
   8824 61
   8486 62
   8802 63
   9000 64
   9167 65
   9326 66
   9351 67
   9558 68
   9731 69
  10111 70
  10196 71
  10612 72
  10834 73
  11478 74
  11566 75
  11832 76
  12134 77
  12597 78
  13716 79
  13628 80
  14367 81
  15304 82
  15813 83
  16602 84
  17868 85
  18379 86
  19632 87
  20701 88
  22048 89
  23319 90
  24554 91
  26493 92
  28026 93
  29604 94
  32651 95
  34090 96
  36014 97
  37689 98
  39405 99
  41620 100
  44379 101
  46276 102
  49118 103
  52908 104
  53701 105
  57644 106
  60216 107
  61921 108
  66385 109
  69173 110
  70798 111
  75097 112
  78061 113
  78230 114
  81146 115
  85089 116
  87373 117
  96899 118
 101681 119
 106731 120
 110271 121
 115261 122
 119657 123
 124913 124
 131404 125
 134258 126
 139033 127
 142292 128
 144687 129
 148929 130
 150911 131
 153876 132
 159200 133
 164948 134
 173146 135
 174021 136
 177039 137
 176766 138
 184553 139
 182470 140
 188314 141
 187012 142
 192573 143
 200510 144
 237096 145
 376229 146
1009206 147
 143683 148
1066969 149
34088838 150
